{
 "cells": [
  {
   "cell_type": "code",
   "execution_count": 1,
   "metadata": {},
   "outputs": [],
   "source": [
    "import sys\n",
    "sys.path.insert(1, '/t0-analysis/CKA-similarity')\n",
    "\n",
    "import numpy as np\n",
    "from CKA import CKA\n",
    "\n",
    "import matplotlib\n",
    "import matplotlib.pyplot as plt\n",
    "\n",
    "from utils import load_hidden_representations_from_hdf5, read_templates_from_file"
   ]
  },
  {
   "cell_type": "code",
   "execution_count": 2,
   "metadata": {},
   "outputs": [],
   "source": [
    "# params\n",
    "log_dir = \"/logfiles\"\n",
    "model = \"bigscience-T0_3B\" # bigscience-T0_B or bigscience-T0\n",
    "module = \"decoder\" # encoder or decoder\n",
    "task = \"rte\"\n",
    "# task = \"cb\"\n",
    "# task = \"wic\""
   ]
  },
  {
   "cell_type": "markdown",
   "metadata": {},
   "source": [
    "## Prompts"
   ]
  },
  {
   "cell_type": "code",
   "execution_count": 3,
   "metadata": {},
   "outputs": [
    {
     "data": {
      "text/html": [
       "<div>\n",
       "<style scoped>\n",
       "    .dataframe tbody tr th:only-of-type {\n",
       "        vertical-align: middle;\n",
       "    }\n",
       "\n",
       "    .dataframe tbody tr th {\n",
       "        vertical-align: top;\n",
       "    }\n",
       "\n",
       "    .dataframe thead th {\n",
       "        text-align: right;\n",
       "    }\n",
       "</style>\n",
       "<table border=\"1\" class=\"dataframe\">\n",
       "  <thead>\n",
       "    <tr style=\"text-align: right;\">\n",
       "      <th></th>\n",
       "      <th>name</th>\n",
       "      <th>template</th>\n",
       "      <th>category</th>\n",
       "      <th>includes_targets</th>\n",
       "      <th>targets</th>\n",
       "      <th>target_ids</th>\n",
       "      <th>shuffle</th>\n",
       "    </tr>\n",
       "  </thead>\n",
       "  <tbody>\n",
       "    <tr>\n",
       "      <th>0</th>\n",
       "      <td>gpt_3_yes_no_with_targets</td>\n",
       "      <td>{premise} Question: {hypothesis} Yes or No?</td>\n",
       "      <td>instructive</td>\n",
       "      <td>True</td>\n",
       "      <td>▁Yes, ▁No</td>\n",
       "      <td>0, 1</td>\n",
       "      <td>False</td>\n",
       "    </tr>\n",
       "    <tr>\n",
       "      <th>1</th>\n",
       "      <td>gpt_3_true_false_with_targets</td>\n",
       "      <td>{premise} Question: {hypothesis} True or False?</td>\n",
       "      <td>instructive</td>\n",
       "      <td>True</td>\n",
       "      <td>▁True, ▁False</td>\n",
       "      <td>0, 1</td>\n",
       "      <td>False</td>\n",
       "    </tr>\n",
       "    <tr>\n",
       "      <th>2</th>\n",
       "      <td>gpt_3_cat_dog_with_targets</td>\n",
       "      <td>{premise} Question: {hypothesis} Cat or Dog?</td>\n",
       "      <td>instructive</td>\n",
       "      <td>True</td>\n",
       "      <td>▁Cat, ▁Dog</td>\n",
       "      <td>0, 1</td>\n",
       "      <td>False</td>\n",
       "    </tr>\n",
       "    <tr>\n",
       "      <th>3</th>\n",
       "      <td>gpt_3_yes_no_without_targets</td>\n",
       "      <td>{premise} Question: {hypothesis}?</td>\n",
       "      <td>instructive</td>\n",
       "      <td>False</td>\n",
       "      <td>▁Yes, ▁No</td>\n",
       "      <td>0, 1</td>\n",
       "      <td>False</td>\n",
       "    </tr>\n",
       "  </tbody>\n",
       "</table>\n",
       "</div>"
      ],
      "text/plain": [
       "                            name  \\\n",
       "0      gpt_3_yes_no_with_targets   \n",
       "1  gpt_3_true_false_with_targets   \n",
       "2     gpt_3_cat_dog_with_targets   \n",
       "3   gpt_3_yes_no_without_targets   \n",
       "\n",
       "                                          template     category  \\\n",
       "0      {premise} Question: {hypothesis} Yes or No?  instructive   \n",
       "1  {premise} Question: {hypothesis} True or False?  instructive   \n",
       "2     {premise} Question: {hypothesis} Cat or Dog?  instructive   \n",
       "3                {premise} Question: {hypothesis}?  instructive   \n",
       "\n",
       "   includes_targets        targets target_ids  shuffle  \n",
       "0              True      ▁Yes, ▁No       0, 1    False  \n",
       "1              True  ▁True, ▁False       0, 1    False  \n",
       "2              True     ▁Cat, ▁Dog       0, 1    False  \n",
       "3             False      ▁Yes, ▁No       0, 1    False  "
      ]
     },
     "metadata": {},
     "output_type": "display_data"
    }
   ],
   "source": [
    "df = read_templates_from_file(f\"/t0-analysis/prompts/{task}/fixed_prompt.csv\")\n",
    "# df = read_templates_from_file(f\"/t0-analysis/prompts/{task}/fixed_target_yes_no.csv\")\n",
    "display(df)"
   ]
  },
  {
   "cell_type": "markdown",
   "metadata": {},
   "source": [
    "## Comput CKA"
   ]
  },
  {
   "cell_type": "code",
   "execution_count": 4,
   "metadata": {},
   "outputs": [],
   "source": [
    "if task == 'rte':\n",
    "    use_pattern = [\n",
    "        \"gpt_3_yes_no_with_targets\",\n",
    "        \"gpt_3_true_false_with_targets\",\n",
    "        \"gpt_3_cat_dog_with_targets\",\n",
    "        \"gpt_3_yes_no_without_targets\",\n",
    "    ]\n",
    "elif task == 'cb':\n",
    "    use_pattern = [\n",
    "        \"null_pattern\",\n",
    "        \"null_pattern_reversed\",\n",
    "        \"gpt_3_true_false_neither\",\n",
    "        \"gpt_3_yes_no_maybe\",\n",
    "        \"mnli_crowdsource\",\n",
    "        \"always_sometimes_never\",\n",
    "        \"based_on_previous_passage\",\n",
    "        \"infer\",\n",
    "        \"claim\",\n",
    "        \"consider\",\n",
    "        \"follow\",\n",
    "        \"imply\",\n",
    "        \"guaranteed\",\n",
    "        \"guaranteed_possible\",\n",
    "        \"justified\",\n",
    "        \"must_be_true\",\n",
    "        \"should_assume\",\n",
    "        \"take_the_following\",\n",
    "    ]\n",
    "elif task == 'wic':\n",
    "    use_pattern = [\n",
    "        \"gpt_3\",\n",
    "        \"gpt_3_yes_no\",\n",
    "        \"affirmation\",\n",
    "        \"grammar_homework\",\n",
    "        \"polysemous\",\n",
    "        \"question_context\",\n",
    "        \"question_meaning\",\n",
    "        \"question_meaning_yes_no\",\n",
    "        \"same_sense\",\n",
    "        \"similar_sense\",\n",
    "        \"similar_sense_yes_no\",\n",
    "    ]"
   ]
  },
  {
   "cell_type": "code",
   "execution_count": 5,
   "metadata": {},
   "outputs": [],
   "source": [
    "representations = {}\n",
    "\n",
    "# For decoder representations we need to additionally specify the generated token\n",
    "# We currently save representations for t=0 and t=1\n",
    "for t in range(2):\n",
    "    if t not in representations:\n",
    "            representations[t] = {}\n",
    "\n",
    "    # for layer in range(0, 1):\n",
    "    # for layer in range(0, 5):\n",
    "    for layer in range(0, 25):\n",
    "    # for layer in range(24, 25):\n",
    "        \n",
    "        file_names, prompt_names = [], []\n",
    "\n",
    "        layer_key = f\"{module}-{layer}\"\n",
    "        if layer_key not in representations[t]:\n",
    "            representations[t][layer_key] = {}\n",
    "        \n",
    "        for _, row in df.iterrows():\n",
    "            if row['name'] in use_pattern:\n",
    "                file_name = f\"{task}/{model}/{module}/{row['name']}/hidden_represenations_t{t}_layer{layer}_avg.hdf5\"\n",
    "                file_names.append(file_name)\n",
    "                prompt_names.append(row['name'])\n",
    "                if file_name not in representations[t][layer_key]:\n",
    "                    # load hidden representations from hdf5 file\n",
    "                    representations[t][layer_key][file_name] = load_hidden_representations_from_hdf5(os.path.join(log_dir, file_name), silent=True)\n",
    "    \n",
    "    "
   ]
  },
  {
   "cell_type": "code",
   "execution_count": 6,
   "metadata": {},
   "outputs": [
    {
     "data": {
      "text/plain": [
       "dict_keys(['rte/bigscience-T0_3B/decoder/gpt_3_yes_no_with_targets/hidden_represenations_t0_layer0_avg.hdf5', 'rte/bigscience-T0_3B/decoder/gpt_3_true_false_with_targets/hidden_represenations_t0_layer0_avg.hdf5', 'rte/bigscience-T0_3B/decoder/gpt_3_cat_dog_with_targets/hidden_represenations_t0_layer0_avg.hdf5', 'rte/bigscience-T0_3B/decoder/gpt_3_yes_no_without_targets/hidden_represenations_t0_layer0_avg.hdf5'])"
      ]
     },
     "execution_count": 6,
     "metadata": {},
     "output_type": "execute_result"
    }
   ],
   "source": [
    "representations[0][\"decoder-0\"].keys()"
   ]
  },
  {
   "cell_type": "code",
   "execution_count": 7,
   "metadata": {},
   "outputs": [
    {
     "data": {
      "text/plain": [
       "4"
      ]
     },
     "execution_count": 7,
     "metadata": {},
     "output_type": "execute_result"
    }
   ],
   "source": [
    "len(representations[0][\"decoder-0\"].keys())"
   ]
  },
  {
   "cell_type": "code",
   "execution_count": 8,
   "metadata": {},
   "outputs": [],
   "source": [
    "# Compute pairwise CKA for every layer\n",
    "np_cka = CKA()\n",
    "\n",
    "cka_scores_layers = {}\n",
    "\n",
    "for t in range(2):\n",
    "    if t not in cka_scores_layers:\n",
    "        cka_scores_layers[t] = {}\n",
    "\n",
    "    for layer in list(representations[t].keys())[:]:\n",
    "        cka_scores = []\n",
    "        for pattern1 in representations[t][layer].keys():\n",
    "            cka_scores_pattern1 = []\n",
    "            for pattern2 in representations[t][layer].keys():\n",
    "                cka_score = np_cka.linear_CKA(representations[t][layer][pattern1], representations[t][layer][pattern2])\n",
    "                cka_scores_pattern1.append(cka_score)\n",
    "            cka_scores.append(cka_scores_pattern1)\n",
    "        cka_scores = np.asarray(cka_scores)\n",
    "        cka_scores_layers[t][layer] = cka_scores\n",
    "        # print(cka_scores.shape)\n"
   ]
  },
  {
   "cell_type": "code",
   "execution_count": 9,
   "metadata": {},
   "outputs": [
    {
     "data": {
      "text/plain": [
       "{0: {'decoder-0': array([[1., 1., 1., 1.],\n",
       "         [1., 1., 1., 1.],\n",
       "         [1., 1., 1., 1.],\n",
       "         [1., 1., 1., 1.]]),\n",
       "  'decoder-1': array([[1.        , 0.98096454, 0.98091108, 0.97556858],\n",
       "         [0.98096454, 1.        , 0.97200254, 0.96303375],\n",
       "         [0.98091108, 0.97200254, 1.        , 0.97300787],\n",
       "         [0.97556858, 0.96303375, 0.97300787, 1.        ]]),\n",
       "  'decoder-2': array([[1.        , 0.980842  , 0.97933758, 0.97569458],\n",
       "         [0.980842  , 1.        , 0.97039782, 0.96306611],\n",
       "         [0.97933758, 0.97039782, 1.        , 0.97246447],\n",
       "         [0.97569458, 0.96306611, 0.97246447, 1.        ]]),\n",
       "  'decoder-3': array([[1.        , 0.98820171, 0.98966849, 0.98328863],\n",
       "         [0.98820171, 1.        , 0.98438601, 0.9754601 ],\n",
       "         [0.98966849, 0.98438601, 1.        , 0.98481268],\n",
       "         [0.98328863, 0.9754601 , 0.98481268, 1.        ]]),\n",
       "  'decoder-4': array([[1.        , 0.9889975 , 0.99073294, 0.98416538],\n",
       "         [0.9889975 , 1.        , 0.98576534, 0.97679761],\n",
       "         [0.99073294, 0.98576534, 1.        , 0.98596208],\n",
       "         [0.98416538, 0.97679761, 0.98596208, 1.        ]]),\n",
       "  'decoder-5': array([[1.        , 0.98822312, 0.98884686, 0.98355809],\n",
       "         [0.98822312, 1.        , 0.98319724, 0.97531025],\n",
       "         [0.98884686, 0.98319724, 1.        , 0.98375481],\n",
       "         [0.98355809, 0.97531025, 0.98375481, 1.        ]]),\n",
       "  'decoder-6': array([[1.        , 0.98792485, 0.98884719, 0.98316729],\n",
       "         [0.98792485, 1.        , 0.9829215 , 0.97475163],\n",
       "         [0.98884719, 0.9829215 , 1.        , 0.98383956],\n",
       "         [0.98316729, 0.97475163, 0.98383956, 1.        ]]),\n",
       "  'decoder-7': array([[1.        , 0.99144729, 0.98795275, 0.98691029],\n",
       "         [0.99144729, 1.        , 0.98369854, 0.98232612],\n",
       "         [0.98795275, 0.98369854, 1.        , 0.98459884],\n",
       "         [0.98691029, 0.98232612, 0.98459884, 1.        ]]),\n",
       "  'decoder-8': array([[1.        , 0.99130625, 0.98788624, 0.98665037],\n",
       "         [0.99130625, 1.        , 0.9836076 , 0.98195824],\n",
       "         [0.98788624, 0.9836076 , 1.        , 0.98455049],\n",
       "         [0.98665037, 0.98195824, 0.98455049, 1.        ]]),\n",
       "  'decoder-9': array([[1.        , 0.99171849, 0.98917828, 0.98723161],\n",
       "         [0.99171849, 1.        , 0.98501072, 0.98253157],\n",
       "         [0.98917828, 0.98501072, 1.        , 0.98601091],\n",
       "         [0.98723161, 0.98253157, 0.98601091, 1.        ]]),\n",
       "  'decoder-10': array([[1.        , 0.99196262, 0.99090746, 0.98741786],\n",
       "         [0.99196262, 1.        , 0.98684697, 0.9825433 ],\n",
       "         [0.99090746, 0.98684697, 1.        , 0.98779167],\n",
       "         [0.98741786, 0.9825433 , 0.98779167, 1.        ]]),\n",
       "  'decoder-11': array([[1.        , 0.99260093, 0.99245137, 0.98789056],\n",
       "         [0.99260093, 1.        , 0.98889117, 0.98287578],\n",
       "         [0.99245137, 0.98889117, 1.        , 0.98961981],\n",
       "         [0.98789056, 0.98287578, 0.98961981, 1.        ]]),\n",
       "  'decoder-12': array([[1.        , 0.99255793, 0.99289883, 0.98794774],\n",
       "         [0.99255793, 1.        , 0.98935903, 0.98292852],\n",
       "         [0.99289883, 0.98935903, 1.        , 0.99013948],\n",
       "         [0.98794774, 0.98292852, 0.99013948, 1.        ]]),\n",
       "  'decoder-13': array([[1.        , 0.99251848, 0.99293693, 0.98785619],\n",
       "         [0.99251848, 1.        , 0.98940672, 0.98268662],\n",
       "         [0.99293693, 0.98940672, 1.        , 0.99028459],\n",
       "         [0.98785619, 0.98268662, 0.99028459, 1.        ]]),\n",
       "  'decoder-14': array([[1.        , 0.99231749, 0.99273482, 0.98763056],\n",
       "         [0.99231749, 1.        , 0.98911097, 0.98227087],\n",
       "         [0.99273482, 0.98911097, 1.        , 0.9900514 ],\n",
       "         [0.98763056, 0.98227087, 0.9900514 , 1.        ]]),\n",
       "  'decoder-15': array([[1.        , 0.9921264 , 0.99258525, 0.98755404],\n",
       "         [0.9921264 , 1.        , 0.98889072, 0.98205589],\n",
       "         [0.99258525, 0.98889072, 1.        , 0.98973525],\n",
       "         [0.98755404, 0.98205589, 0.98973525, 1.        ]]),\n",
       "  'decoder-16': array([[1.        , 0.99201628, 0.99241727, 0.98755392],\n",
       "         [0.99201628, 1.        , 0.98899118, 0.98227991],\n",
       "         [0.99241727, 0.98899118, 1.        , 0.98995619],\n",
       "         [0.98755392, 0.98227991, 0.98995619, 1.        ]]),\n",
       "  'decoder-17': array([[1.        , 0.99197946, 0.9923537 , 0.98743875],\n",
       "         [0.99197946, 1.        , 0.98888137, 0.98208534],\n",
       "         [0.9923537 , 0.98888137, 1.        , 0.98977185],\n",
       "         [0.98743875, 0.98208534, 0.98977185, 1.        ]]),\n",
       "  'decoder-18': array([[1.        , 0.9918379 , 0.99188264, 0.98709652],\n",
       "         [0.9918379 , 1.        , 0.98873622, 0.9817256 ],\n",
       "         [0.99188264, 0.98873622, 1.        , 0.9892915 ],\n",
       "         [0.98709652, 0.9817256 , 0.9892915 , 1.        ]]),\n",
       "  'decoder-19': array([[1.        , 0.99143765, 0.9908953 , 0.98619227],\n",
       "         [0.99143765, 1.        , 0.98812724, 0.98112548],\n",
       "         [0.9908953 , 0.98812724, 1.        , 0.98808232],\n",
       "         [0.98619227, 0.98112548, 0.98808232, 1.        ]]),\n",
       "  'decoder-20': array([[1.        , 0.97880863, 0.95873418, 0.9657298 ],\n",
       "         [0.97880863, 1.        , 0.94774671, 0.96096033],\n",
       "         [0.95873418, 0.94774671, 1.        , 0.95835532],\n",
       "         [0.9657298 , 0.96096033, 0.95835532, 1.        ]]),\n",
       "  'decoder-21': array([[1.        , 0.96924507, 0.9159071 , 0.95003343],\n",
       "         [0.96924507, 1.        , 0.91034232, 0.94826425],\n",
       "         [0.9159071 , 0.91034232, 1.        , 0.92157913],\n",
       "         [0.95003343, 0.94826425, 0.92157913, 1.        ]]),\n",
       "  'decoder-22': array([[1.        , 0.89561431, 0.78846088, 0.8996794 ],\n",
       "         [0.89561431, 1.        , 0.75525297, 0.89150823],\n",
       "         [0.78846088, 0.75525297, 1.        , 0.76018367],\n",
       "         [0.8996794 , 0.89150823, 0.76018367, 1.        ]]),\n",
       "  'decoder-23': array([[1.        , 0.82198809, 0.45403173, 0.32152929],\n",
       "         [0.82198809, 1.        , 0.35582732, 0.34402532],\n",
       "         [0.45403173, 0.35582732, 1.        , 0.16508204],\n",
       "         [0.32152929, 0.34402532, 0.16508204, 1.        ]]),\n",
       "  'decoder-24': array([[1.        , 0.79051585, 0.57875309, 0.5740119 ],\n",
       "         [0.79051585, 1.        , 0.47199453, 0.52716405],\n",
       "         [0.57875309, 0.47199453, 1.        , 0.48664889],\n",
       "         [0.5740119 , 0.52716405, 0.48664889, 1.        ]])},\n",
       " 1: {'decoder-0': array([[1.        , 0.26633862, 0.00340571, 0.02951744],\n",
       "         [0.26633862, 1.        , 0.00459437, 0.03179763],\n",
       "         [0.00340571, 0.00459437, 1.        , 0.03092488],\n",
       "         [0.02951744, 0.03179763, 0.03092488, 1.        ]]),\n",
       "  'decoder-1': array([[1.        , 0.26686172, 0.00369057, 0.02940206],\n",
       "         [0.26686172, 1.        , 0.00475242, 0.03074928],\n",
       "         [0.00369057, 0.00475242, 1.        , 0.02941498],\n",
       "         [0.02940206, 0.03074928, 0.02941498, 1.        ]]),\n",
       "  'decoder-2': array([[1.        , 0.26766575, 0.00510128, 0.02023128],\n",
       "         [0.26766575, 1.        , 0.00501685, 0.02017579],\n",
       "         [0.00510128, 0.00501685, 1.        , 0.02065936],\n",
       "         [0.02023128, 0.02017579, 0.02065936, 1.        ]]),\n",
       "  'decoder-3': array([[1.        , 0.26991762, 0.0052641 , 0.00787869],\n",
       "         [0.26991762, 1.        , 0.00575021, 0.00717391],\n",
       "         [0.0052641 , 0.00575021, 1.        , 0.0088577 ],\n",
       "         [0.00787869, 0.00717391, 0.0088577 , 1.        ]]),\n",
       "  'decoder-4': array([[1.        , 0.2637396 , 0.00608219, 0.00509405],\n",
       "         [0.2637396 , 1.        , 0.00856421, 0.00410548],\n",
       "         [0.00608219, 0.00856421, 1.        , 0.00632832],\n",
       "         [0.00509405, 0.00410548, 0.00632832, 1.        ]]),\n",
       "  'decoder-5': array([[1.        , 0.25899852, 0.01168926, 0.00396471],\n",
       "         [0.25899852, 1.        , 0.00806962, 0.0029737 ],\n",
       "         [0.01168926, 0.00806962, 1.        , 0.00592897],\n",
       "         [0.00396471, 0.0029737 , 0.00592897, 1.        ]]),\n",
       "  'decoder-6': array([[1.        , 0.25090703, 0.0144888 , 0.00290354],\n",
       "         [0.25090703, 1.        , 0.00830706, 0.0023449 ],\n",
       "         [0.0144888 , 0.00830706, 1.        , 0.00530763],\n",
       "         [0.00290354, 0.0023449 , 0.00530763, 1.        ]]),\n",
       "  'decoder-7': array([[1.00000000e+00, 2.40009398e-01, 1.14557639e-02, 1.30287758e-03],\n",
       "         [2.40009398e-01, 1.00000000e+00, 3.84142097e-03, 5.65880904e-04],\n",
       "         [1.14557639e-02, 3.84142097e-03, 1.00000000e+00, 2.86836271e-03],\n",
       "         [1.30287758e-03, 5.65880904e-04, 2.86836271e-03, 1.00000000e+00]]),\n",
       "  'decoder-8': array([[1.        , 0.24148202, 0.01315315, 0.00155992],\n",
       "         [0.24148202, 1.        , 0.0035485 , 0.00102196],\n",
       "         [0.01315315, 0.0035485 , 1.        , 0.00351239],\n",
       "         [0.00155992, 0.00102196, 0.00351239, 1.        ]]),\n",
       "  'decoder-9': array([[1.        , 0.25516252, 0.01099979, 0.00192775],\n",
       "         [0.25516252, 1.        , 0.00226381, 0.00102493],\n",
       "         [0.01099979, 0.00226381, 1.        , 0.00222374],\n",
       "         [0.00192775, 0.00102493, 0.00222374, 1.        ]]),\n",
       "  'decoder-10': array([[1.        , 0.25935804, 0.00759105, 0.00288625],\n",
       "         [0.25935804, 1.        , 0.0043791 , 0.0031978 ],\n",
       "         [0.00759105, 0.0043791 , 1.        , 0.00273704],\n",
       "         [0.00288625, 0.0031978 , 0.00273704, 1.        ]]),\n",
       "  'decoder-11': array([[1.        , 0.24593077, 0.00937381, 0.00412581],\n",
       "         [0.24593077, 1.        , 0.00594936, 0.00345433],\n",
       "         [0.00937381, 0.00594936, 1.        , 0.0035896 ],\n",
       "         [0.00412581, 0.00345433, 0.0035896 , 1.        ]]),\n",
       "  'decoder-12': array([[1.        , 0.25393788, 0.00547454, 0.00761263],\n",
       "         [0.25393788, 1.        , 0.00650139, 0.00379601],\n",
       "         [0.00547454, 0.00650139, 1.        , 0.00253736],\n",
       "         [0.00761263, 0.00379601, 0.00253736, 1.        ]]),\n",
       "  'decoder-13': array([[1.        , 0.23873949, 0.00916117, 0.0070163 ],\n",
       "         [0.23873949, 1.        , 0.00874021, 0.00394313],\n",
       "         [0.00916117, 0.00874021, 1.        , 0.00288892],\n",
       "         [0.0070163 , 0.00394313, 0.00288892, 1.        ]]),\n",
       "  'decoder-14': array([[1.        , 0.22730407, 0.01120861, 0.0054766 ],\n",
       "         [0.22730407, 1.        , 0.01076121, 0.00382908],\n",
       "         [0.01120861, 0.01076121, 1.        , 0.00451763],\n",
       "         [0.0054766 , 0.00382908, 0.00451763, 1.        ]]),\n",
       "  'decoder-15': array([[1.        , 0.23540779, 0.01329024, 0.00923421],\n",
       "         [0.23540779, 1.        , 0.01676001, 0.00520611],\n",
       "         [0.01329024, 0.01676001, 1.        , 0.00599722],\n",
       "         [0.00923421, 0.00520611, 0.00599722, 1.        ]]),\n",
       "  'decoder-16': array([[1.        , 0.24630018, 0.02178776, 0.01533228],\n",
       "         [0.24630018, 1.        , 0.02199495, 0.00692145],\n",
       "         [0.02178776, 0.02199495, 1.        , 0.01192933],\n",
       "         [0.01533228, 0.00692145, 0.01192933, 1.        ]]),\n",
       "  'decoder-17': array([[1.        , 0.25697984, 0.03901353, 0.02473109],\n",
       "         [0.25697984, 1.        , 0.02233381, 0.00938949],\n",
       "         [0.03901353, 0.02233381, 1.        , 0.01687693],\n",
       "         [0.02473109, 0.00938949, 0.01687693, 1.        ]]),\n",
       "  'decoder-18': array([[1.        , 0.27282274, 0.05834295, 0.05562956],\n",
       "         [0.27282274, 1.        , 0.02684607, 0.02143021],\n",
       "         [0.05834295, 0.02684607, 1.        , 0.03555826],\n",
       "         [0.05562956, 0.02143021, 0.03555826, 1.        ]]),\n",
       "  'decoder-19': array([[1.        , 0.26062608, 0.07812549, 0.0878128 ],\n",
       "         [0.26062608, 1.        , 0.03640824, 0.02883039],\n",
       "         [0.07812549, 0.03640824, 1.        , 0.0578733 ],\n",
       "         [0.0878128 , 0.02883039, 0.0578733 , 1.        ]]),\n",
       "  'decoder-20': array([[1.        , 0.24332541, 0.10275585, 0.05317904],\n",
       "         [0.24332541, 1.        , 0.02316772, 0.01860048],\n",
       "         [0.10275585, 0.02316772, 1.        , 0.03783865],\n",
       "         [0.05317904, 0.01860048, 0.03783865, 1.        ]]),\n",
       "  'decoder-21': array([[1.        , 0.20970032, 0.11657774, 0.03338677],\n",
       "         [0.20970032, 1.        , 0.02464377, 0.00869881],\n",
       "         [0.11657774, 0.02464377, 1.        , 0.03056045],\n",
       "         [0.03338677, 0.00869881, 0.03056045, 1.        ]]),\n",
       "  'decoder-22': array([[1.        , 0.21526191, 0.1523237 , 0.01855682],\n",
       "         [0.21526191, 1.        , 0.02944331, 0.00902511],\n",
       "         [0.1523237 , 0.02944331, 1.        , 0.0499405 ],\n",
       "         [0.01855682, 0.00902511, 0.0499405 , 1.        ]]),\n",
       "  'decoder-23': array([[1.        , 0.23775489, 0.12070018, 0.01362911],\n",
       "         [0.23775489, 1.        , 0.03468328, 0.00596034],\n",
       "         [0.12070018, 0.03468328, 1.        , 0.04038279],\n",
       "         [0.01362911, 0.00596034, 0.04038279, 1.        ]]),\n",
       "  'decoder-24': array([[1.        , 0.11234689, 0.01237267, 0.00943527],\n",
       "         [0.11234689, 1.        , 0.00560414, 0.00573752],\n",
       "         [0.01237267, 0.00560414, 1.        , 0.0020367 ],\n",
       "         [0.00943527, 0.00573752, 0.0020367 , 1.        ]])}}"
      ]
     },
     "execution_count": 9,
     "metadata": {},
     "output_type": "execute_result"
    }
   ],
   "source": [
    "cka_scores_layers"
   ]
  },
  {
   "cell_type": "code",
   "execution_count": 10,
   "metadata": {},
   "outputs": [
    {
     "data": {
